		Macierz A
1.41421 1.73205 2 2.23607 2.44949 
1.73205 2 2.23607 2.44949 2.64575 
2 2.23607 2.44949 2.64575 2.82843 
2.23607 2.44949 2.64575 2.82843 3 
2.44949 2.64575 2.82843 3 3.16228 

		Macierz przeksztalcenia P
0.127995 0.473318 0.748056 -0.447214 0 
-0.559029 -0.639797 0.21169 -0.483046 0 
0.75337 -0.341655 -0.221449 -0.516398 0 
-0.321774 0.499901 -0.588694 -0.547723 0 
0 0 0 0 1 

		Macierz Y
-0.860161 -0.509986 -0.00604528 1.00407e-06 -2.99203e-11 
0.371571 -0.618499 -0.692329 0.00861619 8.22916e-06 
-0.216227 0.369873 -0.436638 0.790691 -0.024372 
-0.137207 0.234827 -0.287573 -0.332559 -0.856 
-0.23765 0.406723 -0.497285 -0.513943 0.5164 

FVector d
-2.4575e-07
-7.34517e-05
-0.00511678
-0.381893
12.2415

		Macierz X
-0.0346135 -0.186354 -0.526489 0.744284 0.364587 
0.263629 0.645677 0.492809 0.32251 0.408323 
-0.656232 -0.376067 0.477178 -0.00630781 0.447431 
0.664969 -0.49145 0.0704053 -0.279018 0.483203 
-0.23765 0.406723 -0.497285 -0.513943 0.5164 

beta 1 = -5.60687e-07
beta 2 = -7.35992e-05
beta 3 = -0.00511705
beta 4 = -0.381893
beta 5 = 12.2415
